0 0.33318462194980014 0.4433635851880329 0.45874228963804947 0.03844411187236554
6 0.1833417387593591 0.35411832548432726 0.23082593009271835 0.02334106792250769
8 0.14648717849245446 0.14473521617947913 0.18621251503278113 0.020595059931624398
10 0.7565271365946385 0.17871706506665935 0.3763044574620786 0.05560666181538586
7 0.7642859913876712 0.29198989469059355 0.3491484656864647 0.06384468578803566
4 0.6803933739380067 0.4437068361868934 0.06498040889164763 0.04050361786552795
3 0.8312061139775768 0.4423338321914517 0.06013112464600224 0.03775760987464469
2 0.8947317375955309 0.4430203341891725 0.06498040889164754 0.03913061387008632
9 0.8850331691042401 0.14301896118517707 0.11929239244287546 0.015789545947578695
1 0.2095278736858439 0.44405008718575384 0.1008651123094231 0.015103043949857916
