0 0.15520573456551534 0.27856885252017755 0.19326047998875573 0.032333884667520615
1 0.4371903440036545 0.27981246346892835 0.09663023999437785 0.032333884667520615
2 0.924294599248041 0.3214734302520799 0.07115499490495092 0.03855193941127462
3 0.8465511788889278 0.3211625275148922 0.08081801890438883 0.03668652298814841
4 0.7152218981692962 0.3208516247777045 0.0887241294493833 0.036064717513773006
5 0.8720264239783548 0.12280658118914077 0.19150356653431264 0.018032358756886503
6 0.8742225657964088 0.10508512516944199 0.19413893671597732 0.017410553282511097
7 0.8715871956147438 0.15109873027322132 0.190625109807091 0.038551939411274584
8 0.5109807090902703 0.044459091417840844 0.19150356653431247 0.03544291203939759
9 0.12929126111247763 0.14114984268321495 0.1607575810815559 0.01989777518001268
10 0.14422502547524516 0.1038415142206912 0.19238202326153414 0.0509880488987825
